Scaling 5
image 0
focal length  4.2
rms 2.21289
K
2142    0 1632
   0 2142 1224
   0    0    1
dist 
 0.0757746
-0.0778575
         0
         0
         0
external  -0.0160479    -0.999577   -0.0242709       374.12
   -0.999871    0.0160551 -0.000100444      265.859
 0.000490072    0.0242662    -0.999705      263.186
           0            0            0            1
H:
[0.004470238576507472, -0.6451697206349805, 2166.509452063242;
 0.6621264222611641, -0.009122021980626355, 807.331133841169;
 1.03644513654838e-05, 4.557604295063588e-07, 1]
image 1
focal length  4.2
rms 4.50284
K
2142    0 1224
   0 2142 1632
   0    0    1
dist 
 0.0787336
-0.0767047
         0
         0
         0
external    0.99446  0.00894923    0.104736    -276.347
 0.00945244   -0.999946 -0.00430917     365.554
   0.104692  0.00527531   -0.994491     312.248
          0           0           0           1
H:
[0.6957298403733833, 0.008691708324002095, 435.5204732550405;
 -0.09287576115538336, 0.7530825401296087, 640.8106860344731;
 -4.551920157826769e-05, 1.858239214022393e-06, 0.9999999999999999]
image 2
focal length  4.2
rms 9.92484
K
2142    0 1224
   0 2142 1632
   0    0    1
dist 
 0.123256
-0.109381
        0
        0
        0
external   0.969407  0.00158397    0.245455    -247.559
 0.00128587   -0.999998  0.00137475     361.466
   0.245456 -0.00101707   -0.969407     322.669
          0           0           0           1
H:
[0.6761475690870891, -0.002034299814946544, 293.6464490830569;
 -0.1886769975594658, 0.7635031655186747, 639.1391489857355;
 -9.819293332677768e-05, -1.503320237080058e-06, 1]
